120
50
150
240
230
60
290
180
110
150
270
140
30
280
200
50
250
30
140
260
280
280
160
100
200
180
90
20
240
240
210
140
270
150
210
220
280
190
210
270
40
70
100
80
260
240
190
20
70
140
130
280
100
90
60
210
250
60
230
300
160
170
260
140
130
260
290
60
190
130
160
10
260
10
290
130
80
60
230
60
60
210
150
290
290
170
230
180
90
190
290
150
210
10
300
260
290
230
110
180
180
290
280
160
200
260
240
190
90
130
10
270
240
270
100
90
60
200
100
120
300
30
180
170
250
250
210
290
80
280
200
200
180
240
100
150
90
290
110
60
190
200
130
130
210
230
80
170
160
30
10
290
250
100
20
240
260
230
260
90
290
70
180
110
250
70
70
190
240
70
70
110
180
160
160
230
90
100
140
140
80
260
70
200
80
200
150
60
70
150
220
150
120
10
280
160
150
300
180
290
20
80
10
300
290
50
60
170
200
180
70
60
210
290
120
200
300
130
260
180
90
20
110
230
10
260
20
300
210
20
70
160
290
240
30
100
180
190
20
240
270
130
280
130
20
190
180
130
200
140
140
210
200
190
70
190
180
240
40
40
250
100
200
100
230
40
70
300
210
150
230
200
10
120
40
150
290
180
300
230
170
220
100
130
210
200
220
300
100
110
70
60
140
80
150
290
90
220
160
270
260
280
50
190
200
300
50
130
160
280
20
20
90
60
290
290
230
210
200
100
230
220
240
20
150
270
100
160
30
40
210
160
230
30
130
130
70
120
90
280
10
50
140
240
220
40
40
200
30
280
270
170
190
90
60
170
290
40
20
160
230
230
230
160
230
60
120
170
70
120
10
10
210
70
100
160
300
70
180
100
10
200
10
110
300
40
120
80
170
140
90
60
120
180
180
80
270
160
10
30
150
280
220
50
30
290
180
280
10
70
50
10
30
60
130
220
130
170
290
150
100
180
200
250
120
200
130
200
160
210
290
170
60
290
200
240
270
120
200
230
290
150
80
90
210
30
70
100
300
260
70
80
70
190
90
90
130
270
260
230
300
230
190
70
80
250
170
120
230
140
130
250
50
50
170
30
120
270
120
130
140
200
100
240
40
120
290
260
120
20
70
160
170
140
250
300
170
50
100
120
120
50
150
240
230
60
290
180
110
150
270
140
30
280
200
50
250
30
140
260
280
280
160
100
200
180
90
20
240
240
210
140
270
150
210
220
280
190
210
270
40
70
100
80
260
240
190
20
70
140
130
280
100
90
60
210
250
60
230
300
160
170
260
140
130
260
290
60
190
130
160
10
260
10
290
130
80
60
230
60
60
210
150
290
290
170
230
180
90
190
290
150
210
10
300
260
290
230
110
180
180
290
280
160
200
260
240
190
90
130
10
270
240
270
100
90
60
200
100
120
300
30
180
170
250
250
210
290
80
280
200
200
180
240
100
150
90
290
110
60
190
200
130
130
210
230
80
170
160
30
10
290
250
100
20
240
260
230
260
90
290
70
180
110
250
70
70
190
240
70
70
110
180
160
160
230
90
100
140
140
80
260
70
200
80
200
150
60
70
150
220
150
120
10
280
160
150
300
180
290
20
80
10
300
290
50
60
170
200
180
70
60
210
290
120
200
300
130
260
180
90
20
110
230
10
260
20
300
210
20
70
160
290
240
30
100
180
190
20
240
270
130
280
130
20
190
180
130
200
140
140
210
200
190
70
190
180
240
40
40
250
100
200
100
230
40
70
300
210
150
230
200
10
120
40
150
290
180
300
230
170
220
100
130
210
200
220
300
100
110
70
60
140
80
150
290
90
220
160
270
260
280
50
190
200
300
50
130
160
280
20
20
90
60
290
290
230
210
200
100
230
220
240
20
150
270
100
160
30
40
210
160
230
30
130
130
70
120
90
280
10
50
140
240
220
40
40
200
30
280
270
170
190
90
60
170
290
40
20
160
230
230
230
160
230
60
120
170
70
120
10
10
210
70
100
160
300
70
180
100
10
200
10
110
300
40
120
80
170
140
90
60
120
180
180
80
270
160
10
30
150
280
220
50
30
290
180
280
10
70
50
10
30
60
130
220
130
170
290
150
100
180
200
250
120
200
130
200
160
210
290
170
60
290
200
240
270
120
200
230
290
150
80
90
210
30
70
100
300
260
70
80
70
190
90
90
130
270
260
230
300
230
190
70
80
250
170
120
230
140
130
250
50
50
170
30
120
270
120
130
140
200
100
240
40
120
290
260
120
20
70
160
170
140
250
300
170
50
100
120
30
20
10
40
60
90
80
10
15
25
35
55
75
65
95
60
45
15
80
85
45
25
35
75
125
50
150
240
230
60
290
180
110
150
270
140
30
280
200
50
250